CUGCAG/GACGUC	8.18	29.09	27.62769	27.5804
(repeated)	15.8	31.13	29.8168	29.7623
(repeated)	26.6	32.66	31.5718	31.5113
(repeated)	46	34.54	33.4392	33.3723
(repeated)	78.2	36.23	35.2703	35.197
(repeated)	126	37.81	36.9351	36.856
(repeated)	214	38.7	38.805	38.7193
(repeated)	386	41.93	40.9139	40.8208
(repeated)	651	44	42.8067	42.7066
GCGCGC/CGCGCG	9.02	46.78	47.3487	47.2289
(repeated)	10.5	47.17	47.8545	47.7416
(repeated)	12.4	46.76	48.4102	48.3046
(repeated)	15.7	47.82	49.2018	49.1069
(repeated)	19.5	49.24	49.9324	49.8474
(repeated)	20.9	50.16	50.1668	50.0849
(repeated)	25.1	50.04	50.7875	50.7141
(repeated)	27.5	50.46	51.098	51.0287
(repeated)	48.1	52.88	53.0116	52.9687
(repeated)	80.1	54.75	54.7771	54.7586
(repeated)	104	55.56	55.6884	55.6826
(repeated)	126	56	56.3613	56.3651
(repeated)	204	57.81	58.0633	58.0911
(repeated)	371	60.25	60.2005	60.2589
(repeated)	626	61.8	62.0926	62.1785
CAGCUG/GUCGAC	6.96	26.13	27.0953	27.0498
(repeated)	12	27.67	28.8981	28.8466
(repeated)	22.1	29.96	30.945	30.8867
(repeated)	70.4	34.29	34.9059	34.834
(repeated)	126	36.49	36.9351	36.856
(repeated)	178	37.28	38.1522	38.0689
(repeated)	322	38.99	40.2627	40.1719
(repeated)	674	42.21	42.9332	42.8327
CGGCCG/GCCGGC	8.16	45.45	46.4631	46.31
(repeated)	8.73	46.25	46.6962	46.547
(repeated)	16.6	48.62	48.932	48.8197
(repeated)	22.6	49.64	50.0166	49.9225
(repeated)	31.2	50.75	51.158	51.0831
(repeated)	86.6	54.8	54.8252	54.813
(repeated)	91.5	55.31	55.0252	55.0165
(repeated)	106	54.97	55.5612	55.5617
(repeated)	168	57.31	57.2503	57.2804
(repeated)	307	59.69	59.488	59.5576
(repeated)	526	61.52	61.5124	61.6182
GCAUGC/CGUACG	8.75	29.41	29.2242	29.2667
(repeated)	15.3	31.39	31.0446	31.0915
(repeated)	26.9	33.43	32.9053	32.9567
(repeated)	49.1	35.17	34.9147	34.9711
(repeated)	83.7	37.01	36.718	36.779
(repeated)	141	39.28	38.5018	38.5673
(repeated)	229	40.55	40.1791	40.2488
(repeated)	408	42.58	42.2003	42.2752
(repeated)	737	45.12	44.2969	44.3773
CGCGCG/GCGCGC	9.11	42.46	42.3329	42.3166
(repeated)	10.8	43.26	42.9205	42.9081
(repeated)	12.2	43.58	43.3426	43.3331
(repeated)	16.7	44.88	44.4353	44.4333
(repeated)	20.5	45.51	45.1528	45.1559
(repeated)	25	45.73	45.8505	45.8584
(repeated)	27.8	46.63	46.225	46.2355
(repeated)	32.8	47.01	46.8101	46.8247
(repeated)	56.4	49.19	48.743	48.7713
(repeated)	94	51.18	50.5861	50.6275
(repeated)	98.2	51.59	50.7447	50.7873
(repeated)	123	52.22	51.5647	51.6132
(repeated)	259	54.71	54.3061	54.3746
GCCGGC/CGGCCG	8.73	52.34	51.4748	51.3017
(repeated)	20.8	54.73	54.3937	54.2876
(repeated)	27	55.73	55.2811	55.1956
(repeated)	47.5	57.5	57.2192	57.1791
(repeated)	81.2	59.67	59.0801	59.084
(repeated)	99.4	59.63	59.7875	59.8083
(repeated)	110	60.26	60.143	60.1723
(repeated)	124	61.29	60.5643	60.6038
(repeated)	204	63.03	62.3267	62.4087
(repeated)	601	66.07	66.2163	66.394
GAGCUC/CUCGAG	8.22	31.44	32.27	32.2219
(repeated)	14.8	33.8	34.153	34.1063
(repeated)	24.7	35.06	35.812	35.7665
(repeated)	44.6	37.41	37.7486	37.7045
(repeated)	77.5	39.28	39.5814	39.5387
(repeated)	127	41.25	41.2381	41.1967
(repeated)	195	42.51	42.6907	42.6505
(repeated)	370	44.74	44.8857	44.8472
(repeated)	637	47.2	46.7715	46.7345
CCUAGG/GGAUCC	8.46	32.44	31.3843	31.558
(repeated)	9.63	32.59	31.8188	31.9873
(repeated)	11.3	32.84	32.3569	32.519
(repeated)	21.7	34.95	34.5724	34.7079
(repeated)	37.1	36.54	36.4175	36.5307
(repeated)	62.9	43.22	38.2556	38.3461
(repeated)	99	39.46	39.8523	39.9229
(repeated)	178	41.54	41.9419	41.9863
(repeated)	313	43.22	43.9788	43.9972
CCAUGG/GGUACC	8.26	28.01	27.6908	27.666
(repeated)	9.65	27.55	28.2141	28.1919
(repeated)	15.8	29.4	29.8851	29.8712
(repeated)	30.2	32.62	32.109	32.1063
(repeated)	49.1	33.61	33.799	33.805
(repeated)	83.5	34.98	35.6669	35.6825
(repeated)	148	37.52	37.7059	37.7322
(repeated)	244	38.83	39.5092	39.5451
(repeated)	445	39.99	41.7044	41.7521
ACCGGU/UGGCCA	6.99	33.27	33.7162	33.5023
(repeated)	7.37	35.03	33.9146	33.7064
(repeated)	12.9	37.18	36.0295	35.8823
(repeated)	21.9	39.09	38.0559	37.968
(repeated)	28.9	38.59	39.1284	39.0722
(repeated)	46	40.82	40.9425	40.9405
(repeated)	74.2	43.29	42.8308	42.8857
(repeated)	110	45.38	44.4028	44.5058
(repeated)	117	42.2	44.6505	44.7611
GACGUC/CUGCAG	8.27	30.34	30.0689	30.112
(repeated)	9.24	30.94	30.4277	30.4719
(repeated)	15.8	32.3	32.1757	32.2247
(repeated)	28.7	34.45	34.1444	34.1989
(repeated)	48.9	35.72	35.9236	35.983
(repeated)	82.5	37.89	37.6899	37.7544
(repeated)	125	39.49	39.1077	39.1763
(repeated)	232	41.32	41.2419	41.3167
(repeated)	417	43.44	43.2925	43.3733
AGCGCU/UCGCGA	8.46	31.06	31.761	31.7337
(repeated)	10.8	32.68	32.6621	32.6488
(repeated)	11	31.12	32.7301	32.7178
(repeated)	14.6	32.87	33.782	33.7861
(repeated)	16.3	35.89	34.1932	34.2037
(repeated)	22.2	33.84	35.3525	35.3811
(repeated)	31.1	38.5	36.6275	36.6763
(repeated)	36.4	35.22	37.2263	37.2846
(repeated)	42.4	37.48	37.8091	37.8767
(repeated)	56.2	40.41	38.8911	38.9762
(repeated)	76.8	39.98	40.0992	40.2038
(repeated)	89.4	40.15	40.6903	40.8044
(repeated)	89.8	42	40.7077	40.8221
(repeated)	153	43.13	42.7989	42.9476
(repeated)	163	45.35	43.0492	43.2021
(repeated)	259	42.9	44.8922	45.0758
CACGUG/GUGCAC	6.68	24.88	24.4954	24.5463
(repeated)	7.14	24.29	24.7179	24.7685
(repeated)	12.3	26.41	26.5475	26.5957
(repeated)	20.9	28.2	28.3526	28.3984
(repeated)	23.8	28.9	28.7983	28.8436
(repeated)	39.3	29.66	30.5313	30.5742
(repeated)	66.6	32.34	32.3755	32.4159
(repeated)	110	34.5	34.1508	34.1887
(repeated)	121	34.2	34.4903	34.5277
(repeated)	200	36.19	36.293	36.3279
(repeated)	557	39.86	40.0334	40.063
(repeated)	3347	37.77	46.8046	46.8241
AGAUAUCU/UCUAUAGA	7.29	23.62	23.4325	23.5263
(repeated)	12.2	24.55	24.8513	24.9076
(repeated)	14.1	25.13	25.2526	25.2982
(repeated)	20.3	26.51	26.2678	26.2862
(repeated)	24.4	26.57	26.7828	26.7874
(repeated)	41.1	28.46	28.2523	28.2172
(repeated)	62	29.83	29.4212	29.3542
(repeated)	113	31.31	31.1442	31.0297
(repeated)	200	32.9	32.8013	32.6406
ACUUAAGU/UGAAUUCA	6.46	20.79	23.1687	23.188
(repeated)	11.1	22.6	24.8652	24.8779
(repeated)	12.4	23.19	25.2147	25.226
(repeated)	18.9	24.38	26.5523	26.5582
(repeated)	22	24.94	27.0372	27.0413
(repeated)	38.1	27.13	28.8039	28.8008
(repeated)	56.8	28.05	30.1016	30.0932
(repeated)	105	29.7	32.1202	32.1036
(repeated)	187	31.79	34.0411	34.0165
ACUAUAGU/UGAUAUCA	7.54	24.91	25.5837	25.6881
(repeated)	12.8	26.8	27.0642	27.1145
(repeated)	12.9	26.84	27.0861	27.1356
(repeated)	21.8	28.73	28.5686	28.5635
(repeated)	22.7	28.56	28.6835	28.6741
(repeated)	40.2	30.38	30.3164	30.2461
(repeated)	58.7	31.41	31.4077	31.2964
(repeated)	106	33	33.1273	32.9507
(repeated)	194	34.76	34.9061	34.6613
AACUAGUU/UUGAUCAA	6.37	25.4	23.125	23.1445
(repeated)	11.3	26.85	24.9215	24.934
(repeated)	13.9	28	25.5759	25.5858
(repeated)	19.4	28.89	26.6355	26.6412
(repeated)	25.3	29.77	27.4849	27.4871
(repeated)	42.9	31.56	29.1883	29.1837
(repeated)	67	32.87	30.6416	30.631
(repeated)	122	34.39	32.6173	32.5987
(repeated)	216	36.33	34.5247	34.498
