GAGCUC/CUCGAG	8.21	38.93	39.7421	39.5726
(repeated)	15.2	41.1	41.782	41.6366
(repeated)	26.8	43.04	43.6838	43.5612
(repeated)	46.7	45.06	45.5686	45.4689
(repeated)	81.3	47.34	47.4727	47.3964
(repeated)	135	48.99	49.2344	49.18
(repeated)	207	50.17	50.7345	50.6989
(repeated)	387	52.44	52.9556	52.9483
(repeated)	681	54.65	54.9881	55.0069
CCUAGG/GGAUCC	6.27	38.18	37.4622	37.6915
(repeated)	6.89	38.56	37.7984	38.0296
(repeated)	13.1	41.01	40.109	40.3528
(repeated)	17.7	41.97	41.2032	41.4529
(repeated)	20.8	42.12	41.793	42.046
(repeated)	35.5	44.24	43.7628	44.0267
(repeated)	59.7	46.54	45.702	45.9767
(repeated)	67.5	46.48	46.1635	46.4409
(repeated)	86.2	47.43	47.0867	47.3693
(repeated)	101	45.58	47.6877	47.9737
CCAUGG/GGUACC	6.3	34.53	34.804	34.7136
(repeated)	7.34	35.45	35.2967	35.2132
(repeated)	14	38.04	37.3962	37.3423
(repeated)	24.7	39.75	39.266	39.2388
(repeated)	42.4	41.51	41.0666	41.0654
(repeated)	73.9	43.85	42.9397	42.9659
(repeated)	120	42.88	44.5924	44.6431
(repeated)	213	45.36	46.5712	46.6514
(repeated)	390	47.47	48.6838	48.7961
ACCGGU/UGGCCA	5.86	38.34	41.1806	40.7197
(repeated)	6.53	39.49	41.5855	41.1488
(repeated)	7.55	44.06	42.13	41.726
(repeated)	12.7	46.46	44.0966	43.8116
(repeated)	24.5	46.71	46.6167	46.4866
(repeated)	31.5	47.02	47.5912	47.5217
(repeated)	41.2	48.84	48.6387	48.6347
(repeated)	65.9	52.13	50.4881	50.601
(repeated)	96.2	49.92	51.9931	52.2022
(repeated)	99.6	54.14	52.1319	52.35
(repeated)	117	49.93	52.7773	53.0369
GACGUC/CUGCAG	8.2	36.57	37.1818	37.2046
(repeated)	11	38.33	38.106	38.144
(repeated)	14.3	39.27	38.9361	38.9878
(repeated)	26.8	41.13	40.9415	41.0267
(repeated)	45.8	44.02	42.6728	42.7874
(repeated)	75.4	45.22	44.3007	44.443
(repeated)	222	48.85	47.8851	48.0897
(repeated)	385	50.4	49.744	49.9813
CACGUG/GUGCAC	5.35	30.96	31.7266	31.9051
(repeated)	5.49	31.21	31.8057	31.9836
(repeated)	10.3	33.81	33.7451	33.9089
(repeated)	18.2	36.59	35.5212	35.6718
(repeated)	20.3	35.68	35.8642	36.0123
(repeated)	34.5	37.7	37.5411	37.6767
(repeated)	59.7	40.37	39.2943	39.4166
(repeated)	93.8	42.65	40.7537	40.8649
(repeated)	98.9	40.8	40.9257	41.0355
(repeated)	170	42.32	42.6954	42.7915
(repeated)	304	44.04	44.6166	44.6976
(repeated)	482	45.21	46.1568	46.2257
AGCGCU/UCGCGA	5.09	39.31	38.9348	39.0553
(repeated)	8.05	38.52	40.697	40.8485
(repeated)	12.2	42.95	42.3125	42.4928
(repeated)	21	43.5	44.448	44.6668
(repeated)	21.9	48.86	44.6142	44.8361
(repeated)	33.3	46.44	46.2837	46.536
(repeated)	57.7	50.51	48.5003	48.7936
(repeated)	96.1	47.88	50.5851	50.9174
(repeated)	104	52.69	50.9104	51.2488
CUGCAG/GACGUC	7.91	35.6	35.3061	35.2525
(repeated)	8.89	36.18	35.6844	35.6259
(repeated)	11.3	37.4	36.4642	36.3957
(repeated)	13	37.38	36.9216	36.8472
(repeated)	17.4	38.23	37.8774	37.7906
(repeated)	22.6	39.9	38.7397	38.6417
(repeated)	23.3	39.18	38.8406	38.7413
(repeated)	40.4	41.66	40.6727	40.5492
(repeated)	69.9	44.96	42.5191	42.3711
(repeated)	85.1	43.44	43.187	43.0301
(repeated)	104	44.56	43.8708	43.7047
(repeated)	119	45.94	44.3319	44.1595
(repeated)	200	46.79	46.121	45.9243
(repeated)	348	49.07	48.0521	47.8289
(repeated)	631	51.66	50.1531	49.9007
GCGCGC/CGCGCG	8.73	54.09	54.3045	53.9973
(repeated)	12	53.96	55.3743	55.1109
(repeated)	16.7	55.9	56.4932	56.2757
(repeated)	18.9	56.5	56.9141	56.714
(repeated)	29	57.52	58.3786	58.2394
(repeated)	50.4	59.54	60.2885	60.2296
(repeated)	79.6	62.02	61.8844	61.8934
(repeated)	86.8	62.33	62.1886	62.2105
(repeated)	103	61.92	62.7912	62.839
(repeated)	129	63.88	63.5871	63.6692
(repeated)	138	62.84	63.8263	63.9187
(repeated)	206	64.6	65.2544	65.4088
CAGCUG/GUCGAC	6.4	32.3	34.6224	34.5775
(repeated)	11.6	34.41	36.5496	36.48
(repeated)	19.2	36.74	38.2015	38.1105
(repeated)	34.2	38.86	40.1158	39.9997
(repeated)	60.5	41.06	42.0305	41.8891
(repeated)	96.7	42.6	43.6224	43.4596
(repeated)	160	43.58	45.3496	45.1634
(repeated)	302	45.32	47.5556	47.3392
(repeated)	487	47.43	49.2352	48.9956
GCAUGC/CGUACG	8.54	37.26	37.5152	37.6791
(repeated)	15.1	39.25	39.3097	39.4821
(repeated)	26.5	41.67	41.1011	41.282
(repeated)	43.1	43.12	42.6669	42.8553
(repeated)	74.4	44.79	44.443	44.64
(repeated)	136	47.35	46.4289	46.6356
(repeated)	231	48.63	48.1935	48.4091
(repeated)	410	50.43	50.1268	50.352
(repeated)	696	52.18	51.9307	52.165
GCCGGC/CGGCCG	8.74	58.72	58.591	58.2434
(repeated)	10.6	59.8	59.2556	58.9591
(repeated)	12.1	60.66	59.7131	59.4518
(repeated)	13.8	60.9	60.1688	59.9426
(repeated)	18.7	60.81	61.2267	61.0827
(repeated)	24.5	63	62.1729	62.1029
(repeated)	24.6	62.4	62.1872	62.1183
(repeated)	43.2	64.31	64.1771	64.2651
(repeated)	72.4	66.64	66.0226	66.2581
(repeated)	119	68.25	67.8179	68.1983
CGCGCG/GCGCGC	7.59	48.67	48.432	48.2969
(repeated)	8.4	47.74	48.7751	48.6464
(repeated)	15	51.06	50.7509	50.6596
(repeated)	21.1	51.87	51.9251	51.8562
(repeated)	29.5	53.1	53.0865	53.0401
(repeated)	48.8	55.21	54.8467	54.8345
(repeated)	82.1	56.99	56.686	56.7099
(repeated)	103	57.64	57.4943	57.5342
(repeated)	130	59.19	58.3282	58.3847
(repeated)	176	59.21	59.4196	59.498
(repeated)	303	61.93	61.3949	61.5133
(repeated)	677	65.71	64.3615	64.5408
CGGCCG/GCCGGC	8.76	52.26	53.2536	52.8117
(repeated)	10.2	52.1	53.784	53.3702
(repeated)	17.6	55.32	55.6994	55.3881
(repeated)	21.5	55.04	56.4078	56.1348
(repeated)	35.5	57.87	58.1962	58.0205
(repeated)	57.3	60.57	59.9218	59.841
(repeated)	82.9	61.11	61.2653	61.2592
(repeated)	96.5	62.12	61.821	61.846
(repeated)	111	62.31	62.3348	62.3886
(repeated)	278	66.1	65.7437	65.991
(repeated)	503	68.16	67.9825	68.3592
AACUAGUU/UUGAUCAA	5.59	34.52	31.9433	31.9808
(repeated)	7.98	34.92	33.1001	33.1288
(repeated)	10.9	36.26	34.1208	34.1416
(repeated)	19.8	38.68	36.0937	36.0992
(repeated)	35.5	40.11	38.048	38.0382
(repeated)	51.9	41.76	39.3326	39.3126
(repeated)	97.5	43.62	41.4889	41.4516
(repeated)	179	45.81	43.5949	43.5405
AGAUAUCU/UCUAUAGA	7.61	33.43	33.9071	34.1109
(repeated)	13.6	35.52	35.5748	35.6938
(repeated)	15.2	35.69	35.8963	35.9989
(repeated)	22.6	37.46	37.0485	37.0919
(repeated)	27.4	37.53	37.6111	37.6254
(repeated)	45.6	39.23	39.1088	39.0452
(repeated)	73.1	40.59	40.5093	40.3722
(repeated)	134	42.52	42.3263	42.093
(repeated)	228	44.51	43.9373	43.6178
ACUUAAGU/UGAAUUCA	5.46	30.04	31.8671	31.9052
(repeated)	9.52	31.91	33.6769	33.7011
(repeated)	10.7	32.28	34.06	34.0813
(repeated)	16.5	33.67	35.4884	35.4986
(repeated)	19	34.09	35.9565	35.9631
(repeated)	32.8	35.84	37.7818	37.7741
(repeated)	44.1	36.62	38.7804	38.7648
(repeated)	79.4	38.42	40.7834	40.7517
(repeated)	142	40.37	42.7889	42.741
ACUAUAGU/UGAUAUCA	7.24	34.68	35.2065	35.311
(repeated)	13	36.87	36.9216	36.9259
(repeated)	13.7	36.7	37.0762	37.0714
(repeated)	21.9	38.38	38.4658	38.3791
(repeated)	24.5	38.77	38.8	38.6935
(repeated)	43.2	40.32	40.5006	40.2926
(repeated)	70.4	41.67	41.9799	41.6827
(repeated)	128	43.49	43.8098	43.4013
(repeated)	218	44.96	45.4576	44.9479
