GAGCUC/CUCGAG	8.82	36.83	37.3503	37.2835
(repeated)	15.7	38.61	39.2002	39.136
(repeated)	26.9	40.14	40.9476	40.886
(repeated)	48.1	42.44	42.8557	42.7968
(repeated)	82.2	44.57	44.6357	44.5794
(repeated)	134	46.58	46.2766	46.2227
(repeated)	214	47.43	47.8644	47.8129
(repeated)	380	49.67	49.8337	49.7852
(repeated)	676	51.62	51.8336	51.7882
ACCGGU/UGGCCA	6.22	37.77	38.8995	38.522
(repeated)	6.68	39.34	39.1805	38.8195
(repeated)	8.78	40.81	40.262	39.9644
(repeated)	12.8	42.04	41.7657	41.5572
(repeated)	22.1	42.72	43.9699	43.8936
(repeated)	25.2	43.18	44.5043	44.4604
(repeated)	44.6	49.13	46.8496	46.9491
(repeated)	74.3	48.68	48.9759	49.2072
(repeated)	129	50.37	51.3063	51.6843
CCAUGG/GGUACC	7.18	32.02	31.8889	31.814
(repeated)	8.29	32.67	32.3693	32.3006
(repeated)	14.9	34.11	34.3441	34.3014
(repeated)	29.6	36.66	36.6888	36.6774
(repeated)	49.8	38.55	38.4898	38.5028
(repeated)	83	40.37	40.2787	40.3161
(repeated)	137	41.35	42.0538	42.1158
(repeated)	240	42.97	44.0637	44.1538
(repeated)	428	44.81	46.1645	46.2844
CCUAGG/GGAUCC	6.98	36.1	35.2902	35.5521
(repeated)	8.98	37.18	36.1566	36.4103
(repeated)	11.7	37.84	37.0717	37.3167
(repeated)	21.3	39.74	39.1639	39.3888
(repeated)	37.4	41.74	41.1558	41.3613
(repeated)	63.1	43.64	43.0294	43.2164
(repeated)	109	44.84	45.0114	45.1786
(repeated)	201	46.79	47.26	47.4044
(repeated)	348	48.66	49.3041	49.4275
CACGUG/GUGCAC	7.06	28.97	29.2673	29.3739
(repeated)	7.13	28.98	29.2999	29.4063
(repeated)	13.7	31.59	31.4729	31.5683
(repeated)	23	33.52	33.2191	33.3056
(repeated)	23.7	33.32	33.3207	33.4067
(repeated)	40.4	35.56	35.1406	35.2172
(repeated)	72.6	38.27	37.1657	37.2316
(repeated)	109	38.57	38.5854	38.6438
(repeated)	119	39.3	38.8937	38.9505
(repeated)	190	40.02	40.5478	40.5957
AGCGCU/UCGCGA	9.73	37.96	38.7223	38.7597
(repeated)	10.3	37.79	38.9326	38.9757
(repeated)	17.1	41.12	40.8176	40.9125
(repeated)	29.7	45.15	42.8965	43.0492
(repeated)	30.9	42.92	43.0467	43.2036
(repeated)	53.7	46.1	45.1575	45.3741
(repeated)	93.6	49.02	47.3083	47.5864
(repeated)	160	50.44	49.4114	49.7505
(repeated)	161	47.02	49.436	49.7758
GACGUC/CUGCAG	7.31	33.82	34.0438	34.0998
(repeated)	10.1	35.1	35.1075	35.1683
(repeated)	17.3	37.51	36.8945	36.9635
(repeated)	28.3	38.79	38.547	38.6237
(repeated)	49.5	40.49	40.4458	40.5314
(repeated)	83.3	43.01	42.2342	42.3284
(repeated)	120	43.48	43.5008	43.6011
(repeated)	227	46.01	45.7372	45.8484
(repeated)	420	48.04	47.926	48.0479
CUGCAG/GACGUC	8.36	33.04	32.7716	32.7317
(repeated)	9.34	33.53	33.128	33.0853
(repeated)	15.8	35.59	34.8298	34.7736
(repeated)	26.4	37.35	36.5099	36.4402
(repeated)	30.2	37.44	36.953	36.8798
(repeated)	47	39.41	38.4196	38.3345
(repeated)	79.6	41.39	40.1847	40.0852
(repeated)	118	42.22	41.5168	41.4062
(repeated)	130	43	41.8462	41.7329
(repeated)	208	44.61	43.4548	43.328
(repeated)	379	46.37	45.5323	45.3879
(repeated)	655	48.53	47.4505	47.2897
CAGCUG/GUCGAC	7.75	30.55	32.5284	32.4905
(repeated)	13.5	33.26	34.3185	34.2664
(repeated)	22.8	35.17	36.0282	35.9624
(repeated)	39.3	36.43	37.8247	37.7444
(repeated)	68.2	38.85	39.6648	39.5695
(repeated)	111	41.13	41.3091	41.2002
(repeated)	191	41.33	43.1617	43.0374
(repeated)	328	43.85	45.0294	44.8893
(repeated)	572	45.18	46.9733	46.8166
GCGCGC/CGCGCG	8.78	51.64	51.9164	51.6843
(repeated)	19.5	53.94	54.575	54.4096
(repeated)	25.6	54.69	55.4918	55.3497
(repeated)	26.6	54.4	55.6213	55.4825
(repeated)	43.3	57.23	57.2767	57.1804
(repeated)	80.6	59.33	59.4121	59.3712
(repeated)	102	59.71	60.2286	60.2091
(repeated)	127	61.25	60.9923	60.9929
(repeated)	136	61.08	61.2316	61.2385
(repeated)	209	62.24	62.7409	62.7879
(repeated)	379	65.25	64.8544	64.958
(repeated)	633	66.42	66.6971	66.8508
CGCGCG/GCGCGC	8.53	46.64	46.565	46.4851
(repeated)	16.8	47.71	48.8311	48.7829
(repeated)	17.2	49.04	48.9103	48.8633
(repeated)	23.2	49.83	49.9215	49.8888
(repeated)	30.4	50.9	50.8403	50.8207
(repeated)	52.1	53.5	52.6873	52.6943
(repeated)	89.9	55.29	54.5793	54.6137
(repeated)	91.2	54.71	54.6294	54.6645
(repeated)	110	55.44	55.2847	55.3294
(repeated)	147	56.27	56.3036	56.3634
(repeated)	254	58.75	58.2428	58.3314
GCCGGC/CGGCCG	8.8	56.93	56.3086	56.0682
(repeated)	9.86	57.33	56.6971	56.4751
(repeated)	13.7	57.13	57.8257	57.6576
(repeated)	15.4	58.01	58.229	58.0801
(repeated)	20.6	59.34	59.2361	59.1358
(repeated)	25.6	60.89	59.9925	59.9287
(repeated)	27.1	60.29	60.1912	60.1371
(repeated)	47	62.12	62.1254	62.1659
(repeated)	80	64.19	64.0152	64.1492
(repeated)	120	65.89	65.4702	65.677
GCAUGC/CGUACG	8.91	33.9	34.2655	34.3593
(repeated)	15.8	36.56	36.1285	36.2294
(repeated)	27.6	38.32	37.9645	38.0726
(repeated)	48.8	40.19	39.8631	39.9785
(repeated)	80.8	42.03	41.5623	41.6844
(repeated)	135	43.98	43.311	43.4401
(repeated)	228	45.55	45.1166	45.253
(repeated)	407	47.38	47.1372	47.2818
(repeated)	692	49.43	49.0107	49.163
CGGCCG/GCCGGC	8.46	50.29	50.9152	50.6618
(repeated)	9.86	50.88	51.441	51.2064
(repeated)	11.1	51.26	51.849	51.629
(repeated)	17.4	53.1	53.4064	53.2426
(repeated)	22.8	53.53	54.3501	54.2205
(repeated)	38.6	55.82	56.204	56.1424
(repeated)	63.5	58.43	57.9762	57.9803
(repeated)	83.7	59	58.9677	59.009
(repeated)	102	59.6	59.6813	59.7493
(repeated)	310	64.85	63.7503	63.9736
AACUAGUU/UUGAUCAA	6.6	31.13	29.3118	29.3496
(repeated)	11.4	33.11	31.0008	31.0266
(repeated)	16.8	34.25	32.2106	32.2277
(repeated)	19.3	34.72	32.6457	32.6597
(repeated)	29.2	35.94	33.952	33.9565
(repeated)	48.7	37.68	35.5811	35.5737
(repeated)	66.7	38.77	36.5915	36.5767
(repeated)	120	40.59	38.4959	38.4669
(repeated)	209	42.2	40.3167	40.274
AGAUAUCU/UCUAUAGA	7.86	29.4	29.9704	30.0746
(repeated)	13.7	31.31	31.5338	31.5867
(repeated)	15.5	31.71	31.8834	31.9247
(repeated)	22.1	33.14	32.8924	32.9002
(repeated)	27.7	33.61	33.5383	33.5245
(repeated)	45.1	35.61	34.9416	34.8807
(repeated)	74.3	36.26	36.3922	36.2821
(repeated)	133	38.62	38.1013	37.9327
(repeated)	221	40.41	39.6075	39.3868
ACUUAAGU/UGAAUUCA	7.32	27.36	29.6303	29.6659
(repeated)	12.6	29.35	31.3121	31.3357
(repeated)	14.3	29.63	31.7067	31.7275
(repeated)	21.2	31.26	32.941	32.9528
(repeated)	25.2	31.51	33.486	33.4939
(repeated)	42.7	33.29	35.1607	35.1564
(repeated)	67.3	34.5	36.6204	36.6053
(repeated)	123	36.48	38.5765	38.5468
(repeated)	211	38.12	40.3481	40.3052
ACUAUAGU/UGAUAUCA	6.84	30.65	30.9974	31.1339
(repeated)	12.3	32.63	32.7409	32.7913
(repeated)	12.7	32.55	32.8365	32.8822
(repeated)	20.6	34.3	34.2896	34.2628
(repeated)	23.5	34.61	34.6877	34.6409
(repeated)	39.3	36.01	36.2517	36.126
(repeated)	65.2	37.41	37.8071	37.6021
(repeated)	120	39.29	39.7023	39.3997
(repeated)	205	40.92	41.3851	40.9949
