CUGCAG/GACGUC	7.95	31.31	29.9026	29.7952
(repeated)	14.9	33.29	32.0256	31.9027
(repeated)	25.3	35.35	33.838	33.7017
(repeated)	46.5	37.29	35.9484	35.7963
(repeated)	79.2	39.06	37.8188	37.6525
(repeated)	130	41.05	39.5798	39.4
(repeated)	202	42.49	41.1629	40.9708
(repeated)	364	44.17	43.3032	43.0944
(repeated)	683	46.59	45.623	45.3958
CAGCUG/GUCGAC	6.82	27.14	29.389	29.2853
(repeated)	12.1	29.61	31.3188	31.2011
(repeated)	21.5	31.93	33.2786	33.1464
(repeated)	40.1	34.08	35.4323	35.2841
(repeated)	67.5	36.49	37.255	37.093
(repeated)	111	38.29	39.0162	38.8407
(repeated)	179	39.24	40.7271	40.5384
(repeated)	325	40.94	42.889	42.6835
(repeated)	562	43.44	44.9006	44.6792
GCGCGC/CGCGCG	9.42	48.47	50.2891	49.9835
(repeated)	11.6	50.6	50.9715	50.6883
(repeated)	15.9	51.21	52.0105	51.7618
(repeated)	21.1	51.54	52.9487	52.7311
(repeated)	25.3	52.83	53.5534	53.3561
(repeated)	26.9	53.19	53.7581	53.5677
(repeated)	46.5	55.15	55.5973	55.4691
(repeated)	79.9	57.09	57.4368	57.3714
(repeated)	119	58.44	58.8036	58.7854
(repeated)	126	58.43	59.0007	58.9893
(repeated)	129	59.59	59.0819	59.0733
(repeated)	221	60.29	60.9503	61.007
(repeated)	390	63.32	62.9445	63.0717
(repeated)	656	64.77	64.7913	64.9846
CGCGCG/GCGCGC	7.79	44.53	44.4079	44.3295
(repeated)	11	45.53	45.5764	45.5189
(repeated)	16.5	47.24	46.9604	46.928
(repeated)	17.6	46.61	47.1819	47.1534
(repeated)	25.3	48.32	48.4326	48.427
(repeated)	29.4	49.3	48.9531	48.957
(repeated)	32.8	49.39	49.3334	49.3443
(repeated)	55.8	51.15	51.1928	51.2381
(repeated)	87	53.03	52.7636	52.8383
(repeated)	96.3	54.25	53.1249	53.2064
(repeated)	137	54.73	54.3853	54.4906
(repeated)	269	57.46	56.8251	56.9771
(repeated)	505	60.09	59.1357	59.3325
GCCGGC/CGGCCG	8.38	54.69	53.801	53.3108
(repeated)	19.6	57	56.6703	56.3492
(repeated)	26.5	58.02	57.701	57.4414
(repeated)	45.8	59.91	59.5872	59.4413
(repeated)	76.7	61.94	61.3846	61.3482
(repeated)	78.6	61.74	61.4703	61.4393
(repeated)	120	63.29	62.9606	63.0214
(repeated)	122	63.57	63.0191	63.0835
(repeated)	213	64.89	65.0029	65.191
(repeated)	365	66.81	66.9426	67.2532
(repeated)	607	69.12	68.7949	69.2238
GCAUGC/CGUACG	8.68	31.87	31.6504	31.7808
(repeated)	15.1	33.7	33.4311	33.5733
(repeated)	25.6	35.91	35.1484	35.3021
(repeated)	46.2	37.7	37.0919	37.2587
(repeated)	78.9	39.45	38.8751	39.054
(repeated)	128	41.24	40.5048	40.695
(repeated)	214	43.02	42.2547	42.4571
(repeated)	386	44.81	44.2873	44.5041
(repeated)	649	46.64	46.0997	46.3293
CGGCCG/GCCGGC	7.65	47.73	48.365	47.9105
(repeated)	12.8	48.76	50.1582	49.7815
(repeated)	15.8	50.42	50.8974	50.5531
(repeated)	35.5	53.75	53.7714	53.5543
(repeated)	60.2	55.38	55.6741	55.5426
(repeated)	83.9	56.51	56.8814	56.8047
(repeated)	95.1	57.47	57.3394	57.2836
(repeated)	105	58.25	57.7023	57.6631
(repeated)	166	59.24	59.391	59.4297
(repeated)	306	61.53	61.6731	61.8183
(repeated)	522	64.01	63.6917	63.9323
GAGCUC/CUCGAG	8.81	34.78	35.3111	35.1671
(repeated)	15.6	36.2	37.1041	36.9729
(repeated)	26.6	37.85	38.7976	38.6787
(repeated)	48.8	40.36	40.746	40.6413
(repeated)	83.8	42.19	42.5027	42.411
(repeated)	139	44	44.1647	44.0855
(repeated)	216	45.04	45.6267	45.5586
(repeated)	391	47.38	47.6164	47.5635
(repeated)	692	50.21	49.5541	49.5162
ACCGGU/UGGCCA	6.54	36.31	36.1982	35.6903
(repeated)	8.36	36.84	37.172	36.7252
(repeated)	14.3	39.88	39.3225	39.0123
(repeated)	24.2	42.48	41.4593	41.2868
(repeated)	25.8	41.18	41.7214	41.5658
(repeated)	48.1	44.04	44.2938	44.307
(repeated)	81.2	46.91	46.489	46.6484
(repeated)	97.3	44.57	47.2543	47.4653
(repeated)	139	50.04	48.7743	49.0884
CCAUGG/GGUACC	7.23	28.39	28.4673	28.3657
(repeated)	12.7	30.38	30.3838	30.3103
(repeated)	21.8	31.88	32.2448	32.199
(repeated)	40.8	34.01	34.4324	34.4195
(repeated)	69.4	35.99	36.3112	36.327
(repeated)	119	38.15	38.242	38.2876
(repeated)	190	38.58	39.937	40.0091
(repeated)	323	40.08	41.8817	41.9846
(repeated)	577	43.98	44.0359	44.1733
CCUAGG/GGAUCC	6.32	34.03	32.5382	32.935
(repeated)	7.51	34.83	33.142	33.5287
(repeated)	10.7	35.59	34.3887	34.754
(repeated)	21.8	37.49	36.9258	37.2473
(repeated)	35.7	39.48	38.7089	38.9992
(repeated)	61.4	40.99	40.6931	40.9481
(repeated)	99.4	41.26	42.4771	42.7001
(repeated)	179	44.37	44.6832	44.866
(repeated)	317	46.57	46.8563	46.999
CACGUG/GUGCAC	5.71	26.53	26.2393	26.3969
(repeated)	6.15	26.62	26.4882	26.6445
(repeated)	12	28.87	28.7479	28.8931
(repeated)	20.5	30.65	30.5829	30.7189
(repeated)	24.2	31.3	31.156	31.2891
(repeated)	40.5	33.02	32.9485	33.0725
(repeated)	68.4	34.81	34.7946	34.909
(repeated)	105	37.55	36.3209	36.4274
(repeated)	109	36.45	36.4548	36.5606
(repeated)	230	39.28	39.153	39.2444
(repeated)	325	39.74	40.4183	40.5029
AGCGCU/UCGCGA	9.78	35.6	35.9696	36.0558
(repeated)	10.4	35.09	36.2061	36.2992
(repeated)	16.7	38.33	38.0401	38.188
(repeated)	28.4	40.64	40.1223	40.3333
(repeated)	33.5	40.09	40.7756	41.0066
(repeated)	54.5	43.91	42.7167	43.0074
(repeated)	94.5	47.53	44.9412	45.3013
(repeated)	146	45.69	46.7216	47.138
(repeated)	158	47.39	47.047	47.4738
GACGUC/CUGCAG	8.28	32.56	32.8592	32.9275
(repeated)	9.24	33.6	33.2033	33.2748
(repeated)	16.5	35.14	35.0347	35.1236
(repeated)	27.9	36.59	36.7129	36.8178
(repeated)	49	38.74	38.5327	38.6551
(repeated)	83.4	40.74	40.2708	40.4102
(repeated)	129	42.13	41.7108	41.8644
(repeated)	232	44.14	43.6696	43.8427
(repeated)	426	46.02	45.7236	45.9174
AGAUAUCU/UCUAUAGA	8.06	26.02	26.5141	26.6845
(repeated)	14.2	28.43	28.0834	28.174
(repeated)	15.1	28.07	28.2547	28.3366
(repeated)	22.2	29.6	29.3333	29.3598
(repeated)	27.5	30.51	29.9358	29.9313
(repeated)	43.7	31.6	31.2476	31.175
(repeated)	64	32.6	32.3367	32.2071
(repeated)	125	34.82	34.2666	34.0352
(repeated)	220	35.77	35.9154	35.5961
ACUUAAGU/UGAAUUCA	7.43	24.7	26.834	26.8405
(repeated)	12.9	26.08	28.4013	28.4059
(repeated)	13.7	26.4	28.5733	28.5776
(repeated)	21.8	27.87	29.9072	29.9098
(repeated)	24.5	28.05	30.2444	30.2466
(repeated)	42.7	30.12	31.8588	31.859
(repeated)	60.4	31.42	32.8754	32.8742
(repeated)	111	32.5	34.6757	34.6723
(repeated)	201	34.37	36.4529	36.4471
ACUAUAGU/UGAUAUCA	5.69	27.39	27.8273	28.1055
(repeated)	9.94	29.04	29.4788	29.6316
(repeated)	15.4	30.5	30.7877	30.8401
(repeated)	16.8	30.38	31.0491	31.0815
(repeated)	27.2	32.16	32.5053	32.4249
(repeated)	44.7	33.72	34.0212	33.8224
(repeated)	84.7	35.63	35.9938	35.6394
(repeated)	152	37.56	37.821	37.3208
(repeated)	249	39.29	39.3801	38.7543
AACUAGUU/UUGAUCAA	6.71	28.5	26.5462	26.553
(repeated)	11.6	29.99	28.0983	28.1032
(repeated)	17.9	31.69	29.3397	29.3431
(repeated)	19.4	31.41	29.5712	29.5742
(repeated)	31.1	33.32	30.9355	30.9368
(repeated)	50	34.98	32.3206	32.3202
(repeated)	73.8	36.11	33.4658	33.4639
(repeated)	128	37.67	35.1004	35.0964
